VariableNames=MIPS,PEs,BW,RAM,TRANSFERT,SELECTION
1.0,1.0,0.0,0.0,0.04503978602652402,0.9000000000000006
0.95,1.0,0.25,0.14285714285714285,0.04503978602652402,0.7615044144093311
0.9,1.0,0.5,0.42857142857142855,0.04503978602652402,0.9000000000000006
0.85,1.0,1.0,1.0,0.04503978602652402,0.9000000000000006
0.8,1.0,0.25,0.14285714285714285,0.04503978602652402,0.6549946518499894
0.75,1.0,0.5,0.42857142857142855,0.04503978602652402,0.9000000000000006
0.7,1.0,1.0,1.0,0.04503978602652402,0.9000000000000006
0.65,1.0,0.25,0.14285714285714285,0.04503978602652402,0.6572129989469794
0.6,1.0,0.5,0.42857142857142855,0.04503978602652402,0.9000000000000006
0.55,1.0,1.0,1.0,0.04503978602652402,0.9000000000000006
0.5,1.0,0.25,0.14285714285714285,0.04503978602652402,0.6572129989469794
0.45,1.0,0.5,0.42857142857142855,0.04503978602652402,0.9000000000000006
0.4,1.0,1.0,1.0,0.04503978602652402,0.9000000000000006
0.35,1.0,0.25,0.14285714285714285,0.04503978602652402,0.6572129989469794
0.3,1.0,0.5,0.42857142857142855,0.04503978602652402,0.9000000000000006
0.25,1.0,1.0,1.0,0.04503978602652402,0.9000000000000006
0.2,1.0,0.25,0.14285714285714285,0.04503978602652402,0.6572129989469794
0.15,1.0,0.5,0.42857142857142855,0.04503978602652402,0.9000000000000006
0.1,1.0,1.0,1.0,0.04503978602652402,0.9000000000000006
0.05,1.0,0.25,0.14285714285714285,0.04503978602652402,0.6572129989469794
1.0,1.0,0.0,0.0,0.0028142578761719173,0.9000000000000002
0.95,1.0,0.25,0.14285714285714285,0.0028142578761719173,0.7623132248392529
0.9,1.0,0.5,0.42857142857142855,0.0028142578761719173,0.9000000000000002
0.85,1.0,1.0,1.0,0.0028142578761719173,0.9000000000000002
0.8,1.0,0.25,0.14285714285714285,0.0028142578761719173,0.6559217511014706
0.75,1.0,0.5,0.42857142857142855,0.0028142578761719173,0.9000000000000002
0.7,1.0,1.0,1.0,0.0028142578761719173,0.9000000000000002
0.65,1.0,0.25,0.14285714285714285,0.0028142578761719173,0.6580865832646586
0.6,1.0,0.5,0.42857142857142855,0.0028142578761719173,0.9000000000000002
0.55,1.0,1.0,1.0,0.0028142578761719173,0.9000000000000002
0.5,1.0,0.25,0.14285714285714285,0.0028142578761719173,0.6580865832646586
0.45,1.0,0.5,0.42857142857142855,0.0028142578761719173,0.9000000000000002
0.4,1.0,1.0,1.0,0.0028142578761719173,0.9000000000000002
0.35,1.0,0.25,0.14285714285714285,0.0028142578761719173,0.6580865832646586
0.3,1.0,0.5,0.42857142857142855,0.0028142578761719173,0.9000000000000002
0.25,1.0,1.0,1.0,0.0028142578761719173,0.9000000000000002
0.2,1.0,0.25,0.14285714285714285,0.0028142578761719173,0.6580865832646586
0.15,1.0,0.5,0.42857142857142855,0.0028142578761719173,0.9000000000000002
0.1,1.0,1.0,1.0,0.0028142578761719173,0.9000000000000002
0.05,1.0,0.25,0.14285714285714285,0.0028142578761719173,0.6580865832646586
0.95,1.0,0.25,0.14285714285714285,0.0028142578761719173,0.7623132248392529
0.9,1.0,0.5,0.42857142857142855,0.0028142578761719173,0.9000000000000002
0.85,1.0,1.0,1.0,0.0028142578761719173,0.9000000000000002
0.8,1.0,0.25,0.14285714285714285,0.0028142578761719173,0.6559217511014706
0.75,1.0,0.5,0.42857142857142855,0.0028142578761719173,0.9000000000000002
0.7,1.0,1.0,1.0,0.0028142578761719173,0.9000000000000002
0.65,1.0,0.25,0.14285714285714285,0.0028142578761719173,0.6580865832646586
0.6,1.0,0.5,0.42857142857142855,0.0028142578761719173,0.9000000000000002
0.55,1.0,1.0,1.0,0.0028142578761719173,0.9000000000000002
0.5,1.0,0.25,0.14285714285714285,0.0028142578761719173,0.6580865832646586
0.45,1.0,0.5,0.42857142857142855,0.0028142578761719173,0.9000000000000002
0.4,1.0,1.0,1.0,0.0028142578761719173,0.9000000000000002
0.35,1.0,0.25,0.14285714285714285,0.0028142578761719173,0.6580865832646586
0.3,1.0,0.5,0.42857142857142855,0.0028142578761719173,0.9000000000000002
0.25,1.0,1.0,1.0,0.0028142578761719173,0.9000000000000002
0.2,1.0,0.25,0.14285714285714285,0.0028142578761719173,0.6580865832646586
0.15,1.0,0.5,0.42857142857142855,0.0028142578761719173,0.9000000000000002
0.1,1.0,1.0,1.0,0.0028142578761719173,0.9000000000000002
0.05,1.0,0.25,0.14285714285714285,0.0028142578761719173,0.6580865832646586
0.95,1.0,0.25,0.14285714285714285,0.0028142578761719173,0.7623132248392529
0.85,1.0,1.0,1.0,0.0028142578761719173,0.9000000000000002
0.8,1.0,0.25,0.14285714285714285,0.0028142578761719173,0.6559217511014706
0.75,1.0,0.5,0.42857142857142855,0.0028142578761719173,0.9000000000000002
0.7,1.0,1.0,1.0,0.0028142578761719173,0.9000000000000002
0.65,1.0,0.25,0.14285714285714285,0.0028142578761719173,0.6580865832646586
0.6,1.0,0.5,0.42857142857142855,0.0028142578761719173,0.9000000000000002
0.55,1.0,1.0,1.0,0.0028142578761719173,0.9000000000000002
0.5,1.0,0.25,0.14285714285714285,0.0028142578761719173,0.6580865832646586
0.45,1.0,0.5,0.42857142857142855,0.0028142578761719173,0.9000000000000002
0.4,1.0,1.0,1.0,0.0028142578761719173,0.9000000000000002
0.35,1.0,0.25,0.14285714285714285,0.0028142578761719173,0.6580865832646586
0.3,1.0,0.5,0.42857142857142855,0.0028142578761719173,0.9000000000000002
0.25,1.0,1.0,1.0,0.0028142578761719173,0.9000000000000002
0.2,1.0,0.25,0.14285714285714285,0.0028142578761719173,0.6580865832646586
0.15,1.0,0.5,0.42857142857142855,0.0028142578761719173,0.9000000000000002
0.1,1.0,1.0,1.0,0.0028142578761719173,0.9000000000000002
0.05,1.0,0.25,0.14285714285714285,0.0028142578761719173,0.6580865832646586
0.95,1.0,0.25,0.14285714285714285,0.0028142578761719173,0.7623132248392529
0.8,1.0,0.25,0.14285714285714285,0.0028142578761719173,0.6559217511014706
0.75,1.0,0.5,0.42857142857142855,0.0028142578761719173,0.9000000000000002
0.7,1.0,1.0,1.0,0.0028142578761719173,0.9000000000000002
0.65,1.0,0.25,0.14285714285714285,0.0028142578761719173,0.6580865832646586
0.6,1.0,0.5,0.42857142857142855,0.0028142578761719173,0.9000000000000002
0.55,1.0,1.0,1.0,0.0028142578761719173,0.9000000000000002
0.5,1.0,0.25,0.14285714285714285,0.0028142578761719173,0.6580865832646586
0.45,1.0,0.5,0.42857142857142855,0.0028142578761719173,0.9000000000000002
0.4,1.0,1.0,1.0,0.0028142578761719173,0.9000000000000002
0.35,1.0,0.25,0.14285714285714285,0.0028142578761719173,0.6580865832646586
0.3,1.0,0.5,0.42857142857142855,0.0028142578761719173,0.9000000000000002
0.25,1.0,1.0,1.0,0.0028142578761719173,0.9000000000000002
0.2,1.0,0.25,0.14285714285714285,0.0028142578761719173,0.6580865832646586
0.15,1.0,0.5,0.42857142857142855,0.0028142578761719173,0.9000000000000002
0.1,1.0,1.0,1.0,0.0028142578761719173,0.9000000000000002
0.05,1.0,0.25,0.14285714285714285,0.0028142578761719173,0.6580865832646586
0.95,1.0,0.25,0.14285714285714285,0.0028142578761719173,0.7623132248392529
0.8,1.0,0.25,0.14285714285714285,0.0028142578761719173,0.6559217511014706
0.7,1.0,1.0,1.0,0.0028142578761719173,0.9000000000000002
0.65,1.0,0.25,0.14285714285714285,0.0028142578761719173,0.6580865832646586
0.6,1.0,0.5,0.42857142857142855,0.0028142578761719173,0.9000000000000002
0.55,1.0,1.0,1.0,0.0028142578761719173,0.9000000000000002
0.5,1.0,0.25,0.14285714285714285,0.0028142578761719173,0.6580865832646586
0.45,1.0,0.5,0.42857142857142855,0.0028142578761719173,0.9000000000000002
0.4,1.0,1.0,1.0,0.0028142578761719173,0.9000000000000002
0.35,1.0,0.25,0.14285714285714285,0.0028142578761719173,0.6580865832646586
0.3,1.0,0.5,0.42857142857142855,0.0028142578761719173,0.9000000000000002
0.25,1.0,1.0,1.0,0.0028142578761719173,0.9000000000000002
0.2,1.0,0.25,0.14285714285714285,0.0028142578761719173,0.6580865832646586
0.15,1.0,0.5,0.42857142857142855,0.0028142578761719173,0.9000000000000002
0.1,1.0,1.0,1.0,0.0028142578761719173,0.9000000000000002
0.05,1.0,0.25,0.14285714285714285,0.0028142578761719173,0.6580865832646586
0.95,1.0,0.25,0.14285714285714285,0.0028142578761719173,0.7623132248392529
0.8,1.0,0.25,0.14285714285714285,0.0028142578761719173,0.6559217511014706
0.65,1.0,0.25,0.14285714285714285,0.0028142578761719173,0.6580865832646586
0.6,1.0,0.5,0.42857142857142855,0.0028142578761719173,0.9000000000000002
0.55,1.0,1.0,1.0,0.0028142578761719173,0.9000000000000002
0.5,1.0,0.25,0.14285714285714285,0.0028142578761719173,0.6580865832646586
0.45,1.0,0.5,0.42857142857142855,0.0028142578761719173,0.9000000000000002
0.4,1.0,1.0,1.0,0.0028142578761719173,0.9000000000000002
0.35,1.0,0.25,0.14285714285714285,0.0028142578761719173,0.6580865832646586
0.3,1.0,0.5,0.42857142857142855,0.0028142578761719173,0.9000000000000002
0.25,1.0,1.0,1.0,0.0028142578761719173,0.9000000000000002
0.2,1.0,0.25,0.14285714285714285,0.0028142578761719173,0.6580865832646586
0.15,1.0,0.5,0.42857142857142855,0.0028142578761719173,0.9000000000000002
0.1,1.0,1.0,1.0,0.0028142578761719173,0.9000000000000002
0.05,1.0,0.25,0.14285714285714285,0.0028142578761719173,0.6580865832646586
0.95,1.0,0.25,0.14285714285714285,0.0028142578761719173,0.7623132248392529
0.8,1.0,0.25,0.14285714285714285,0.0028142578761719173,0.6559217511014706
0.65,1.0,0.25,0.14285714285714285,0.0028142578761719173,0.6580865832646586
0.55,1.0,1.0,1.0,0.0028142578761719173,0.9000000000000002
0.5,1.0,0.25,0.14285714285714285,0.0028142578761719173,0.6580865832646586
0.45,1.0,0.5,0.42857142857142855,0.0028142578761719173,0.9000000000000002
0.4,1.0,1.0,1.0,0.0028142578761719173,0.9000000000000002
0.35,1.0,0.25,0.14285714285714285,0.0028142578761719173,0.6580865832646586
0.3,1.0,0.5,0.42857142857142855,0.0028142578761719173,0.9000000000000002
0.25,1.0,1.0,1.0,0.0028142578761719173,0.9000000000000002
0.2,1.0,0.25,0.14285714285714285,0.0028142578761719173,0.6580865832646586
0.15,1.0,0.5,0.42857142857142855,0.0028142578761719173,0.9000000000000002
0.1,1.0,1.0,1.0,0.0028142578761719173,0.9000000000000002
0.05,1.0,0.25,0.14285714285714285,0.0028142578761719173,0.6580865832646586
0.95,1.0,0.25,0.14285714285714285,0.0028142578761719173,0.7623132248392529
0.8,1.0,0.25,0.14285714285714285,0.0028142578761719173,0.6559217511014706
0.65,1.0,0.25,0.14285714285714285,0.0028142578761719173,0.6580865832646586
0.5,1.0,0.25,0.14285714285714285,0.0028142578761719173,0.6580865832646586
0.45,1.0,0.5,0.42857142857142855,0.0028142578761719173,0.9000000000000002
0.4,1.0,1.0,1.0,0.0028142578761719173,0.9000000000000002
0.35,1.0,0.25,0.14285714285714285,0.0028142578761719173,0.6580865832646586
0.3,1.0,0.5,0.42857142857142855,0.0028142578761719173,0.9000000000000002
0.25,1.0,1.0,1.0,0.0028142578761719173,0.9000000000000002
0.2,1.0,0.25,0.14285714285714285,0.0028142578761719173,0.6580865832646586
0.15,1.0,0.5,0.42857142857142855,0.0028142578761719173,0.9000000000000002
0.1,1.0,1.0,1.0,0.0028142578761719173,0.9000000000000002
0.05,1.0,0.25,0.14285714285714285,0.0028142578761719173,0.6580865832646586
0.95,1.0,0.25,0.14285714285714285,0.0028142578761719173,0.7623132248392529
0.8,1.0,0.25,0.14285714285714285,0.0028142578761719173,0.6559217511014706
0.65,1.0,0.25,0.14285714285714285,0.0028142578761719173,0.6580865832646586
0.5,1.0,0.25,0.14285714285714285,0.0028142578761719173,0.6580865832646586
0.4,1.0,1.0,1.0,0.0028142578761719173,0.9000000000000002
0.35,1.0,0.25,0.14285714285714285,0.0028142578761719173,0.6580865832646586
0.3,1.0,0.5,0.42857142857142855,0.0028142578761719173,0.9000000000000002
0.25,1.0,1.0,1.0,0.0028142578761719173,0.9000000000000002
0.2,1.0,0.25,0.14285714285714285,0.0028142578761719173,0.6580865832646586
0.15,1.0,0.5,0.42857142857142855,0.0028142578761719173,0.9000000000000002
0.1,1.0,1.0,1.0,0.0028142578761719173,0.9000000000000002
0.05,1.0,0.25,0.14285714285714285,0.0028142578761719173,0.6580865832646586
0.95,1.0,0.25,0.14285714285714285,0.0028142578761719173,0.7623132248392529
0.8,1.0,0.25,0.14285714285714285,0.0028142578761719173,0.6559217511014706
0.65,1.0,0.25,0.14285714285714285,0.0028142578761719173,0.6580865832646586
0.5,1.0,0.25,0.14285714285714285,0.0028142578761719173,0.6580865832646586
0.35,1.0,0.25,0.14285714285714285,0.0028142578761719173,0.6580865832646586
0.3,1.0,0.5,0.42857142857142855,0.0028142578761719173,0.9000000000000002
0.25,1.0,1.0,1.0,0.0028142578761719173,0.9000000000000002
0.2,1.0,0.25,0.14285714285714285,0.0028142578761719173,0.6580865832646586
0.15,1.0,0.5,0.42857142857142855,0.0028142578761719173,0.9000000000000002
0.1,1.0,1.0,1.0,0.0028142578761719173,0.9000000000000002
0.05,1.0,0.25,0.14285714285714285,0.0028142578761719173,0.6580865832646586
0.95,1.0,0.25,0.14285714285714285,0.0028142578761719173,0.7623132248392529
0.8,1.0,0.25,0.14285714285714285,0.0028142578761719173,0.6559217511014706
0.65,1.0,0.25,0.14285714285714285,0.0028142578761719173,0.6580865832646586
0.5,1.0,0.25,0.14285714285714285,0.0028142578761719173,0.6580865832646586
0.35,1.0,0.25,0.14285714285714285,0.0028142578761719173,0.6580865832646586
0.25,1.0,1.0,1.0,0.0028142578761719173,0.9000000000000002
0.2,1.0,0.25,0.14285714285714285,0.0028142578761719173,0.6580865832646586
0.15,1.0,0.5,0.42857142857142855,0.0028142578761719173,0.9000000000000002
0.1,1.0,1.0,1.0,0.0028142578761719173,0.9000000000000002
0.05,1.0,0.25,0.14285714285714285,0.0028142578761719173,0.6580865832646586
0.95,1.0,0.25,0.14285714285714285,0.0028142578761719173,0.7623132248392529
0.8,1.0,0.25,0.14285714285714285,0.0028142578761719173,0.6559217511014706
0.65,1.0,0.25,0.14285714285714285,0.0028142578761719173,0.6580865832646586
0.5,1.0,0.25,0.14285714285714285,0.0028142578761719173,0.6580865832646586
0.35,1.0,0.25,0.14285714285714285,0.0028142578761719173,0.6580865832646586
0.2,1.0,0.25,0.14285714285714285,0.0028142578761719173,0.6580865832646586
0.15,1.0,0.5,0.42857142857142855,0.0028142578761719173,0.9000000000000002
0.1,1.0,1.0,1.0,0.0028142578761719173,0.9000000000000002
0.05,1.0,0.25,0.14285714285714285,0.0028142578761719173,0.6580865832646586
0.95,1.0,0.25,0.14285714285714285,0.0028142578761719173,0.7623132248392529
0.8,1.0,0.25,0.14285714285714285,0.0028142578761719173,0.6559217511014706
0.65,1.0,0.25,0.14285714285714285,0.0028142578761719173,0.6580865832646586
0.5,1.0,0.25,0.14285714285714285,0.0028142578761719173,0.6580865832646586
0.35,1.0,0.25,0.14285714285714285,0.0028142578761719173,0.6580865832646586
0.2,1.0,0.25,0.14285714285714285,0.0028142578761719173,0.6580865832646586
0.1,1.0,1.0,1.0,0.0028142578761719173,0.9000000000000002
0.05,1.0,0.25,0.14285714285714285,0.0028142578761719173,0.6580865832646586
0.95,1.0,0.25,0.14285714285714285,0.0028142578761719173,0.7623132248392529
0.8,1.0,0.25,0.14285714285714285,0.0028142578761719173,0.6559217511014706
0.65,1.0,0.25,0.14285714285714285,0.0028142578761719173,0.6580865832646586
0.5,1.0,0.25,0.14285714285714285,0.0028142578761719173,0.6580865832646586
0.35,1.0,0.25,0.14285714285714285,0.0028142578761719173,0.6580865832646586
0.2,1.0,0.25,0.14285714285714285,0.0028142578761719173,0.6580865832646586
0.05,1.0,0.25,0.14285714285714285,0.0028142578761719173,0.6580865832646586
0.8,1.0,0.25,0.14285714285714285,0.0028142578761719173,0.6559217511014706
0.65,1.0,0.25,0.14285714285714285,0.0028142578761719173,0.6580865832646586
0.5,1.0,0.25,0.14285714285714285,0.0028142578761719173,0.6580865832646586
0.35,1.0,0.25,0.14285714285714285,0.0028142578761719173,0.6580865832646586
0.2,1.0,0.25,0.14285714285714285,0.0028142578761719173,0.6580865832646586
0.05,1.0,0.25,0.14285714285714285,0.0028142578761719173,0.6580865832646586
0.8,1.0,0.25,0.14285714285714285,0.0028142578761719173,0.6559217511014706
0.5,1.0,0.25,0.14285714285714285,0.0028142578761719173,0.6580865832646586
0.35,1.0,0.25,0.14285714285714285,0.0028142578761719173,0.6580865832646586
0.2,1.0,0.25,0.14285714285714285,0.0028142578761719173,0.6580865832646586
0.05,1.0,0.25,0.14285714285714285,0.0028142578761719173,0.6580865832646586
0.8,1.0,0.25,0.14285714285714285,0.011060907373938248,0.6558701897688696
0.7,1.0,1.0,1.0,0.011060907373938248,0.9000000000000001
0.65,1.0,0.25,0.14285714285714285,0.011060907373938248,0.6580379896465398
0.55,1.0,1.0,1.0,0.011060907373938248,0.9000000000000001
0.35,1.0,0.25,0.14285714285714285,0.011060907373938248,0.6580379896465398
0.2,1.0,0.25,0.14285714285714285,0.011060907373938248,0.6580379896465398
0.05,1.0,0.25,0.14285714285714285,0.011060907373938248,0.6580379896465398
0.95,1.0,0.25,0.14285714285714285,0.011071958047972032,0.7622682195788266
0.8,1.0,0.25,0.14285714285714285,0.011071958047972032,0.6558700630678757
0.65,1.0,0.25,0.14285714285714285,0.011071958047972032,0.6580378702393143
0.6,1.0,0.5,0.42857142857142855,0.011071958047972032,0.9000000000000001
0.55,1.0,1.0,1.0,0.011071958047972032,0.9000000000000001
0.35,1.0,0.25,0.14285714285714285,0.011071958047972032,0.6580378702393143
0.2,1.0,0.25,0.14285714285714285,0.011071958047972032,0.6580378702393143
0.05,1.0,0.25,0.14285714285714285,0.011071958047972032,0.6580378702393143
0.95,1.0,0.25,0.14285714285714285,0.011086714057809371,0.7622680722512238
0.8,1.0,0.25,0.14285714285714285,0.011086714057809371,0.6558698938833191
0.65,1.0,0.25,0.14285714285714285,0.011086714057809371,0.6580377107941773
0.55,1.0,1.0,1.0,0.011086714057809371,0.9000000000000005
0.35,1.0,0.25,0.14285714285714285,0.011086714057809371,0.6580377107941773
0.2,1.0,0.25,0.14285714285714285,0.011086714057809371,0.6580377107941773
0.05,1.0,0.25,0.14285714285714285,0.011086714057809371,0.6580377107941773
0.95,1.0,0.25,0.14285714285714285,0.005543543695695797,0.7623056086853379
0.8,1.0,0.25,0.14285714285714285,0.005543543695695797,0.65591300319846
0.65,1.0,0.25,0.14285714285714285,0.005543543695695797,0.658078338793484
0.35,1.0,0.25,0.14285714285714285,0.005543543695695797,0.658078338793484
0.2,1.0,0.25,0.14285714285714285,0.005543543695695797,0.658078338793484
0.05,1.0,0.25,0.14285714285714285,0.005543543695695797,0.658078338793484
1.0,1.0,0.0,0.0,0.01108716872477915,0.9000000000000001
0.8,1.0,0.25,0.14285714285714285,0.01108716872477915,0.6558698886703459
0.65,1.0,0.25,0.14285714285714285,0.01108716872477915,0.6580377058812986
0.35,1.0,0.25,0.14285714285714285,0.01108716872477915,0.6580377058812986
0.2,1.0,0.25,0.14285714285714285,0.01108716872477915,0.6580377058812986
0.05,1.0,0.25,0.14285714285714285,0.01108716872477915,0.6580377058812986
0.8,1.0,0.25,0.14285714285714285,0.01109279539519693,0.6558698241578726
0.65,1.0,0.25,0.14285714285714285,0.01109279539519693,0.6580376450826072
0.5,1.0,0.25,0.14285714285714285,0.01109279539519693,0.6580376450826072
0.35,1.0,0.25,0.14285714285714285,0.01109279539519693,0.6580376450826072
0.2,1.0,0.25,0.14285714285714285,0.01109279539519693,0.6580376450826072
0.05,1.0,0.25,0.14285714285714285,0.01109279539519693,0.6580376450826072
0.9,1.0,0.5,0.42857142857142855,0.011120720747147164,0.9000000000000001
0.8,1.0,0.25,0.14285714285714285,0.011120720747147164,0.6558695039798227
0.5,1.0,0.25,0.14285714285714285,0.011120720747147164,0.6580373433362328
0.35,1.0,0.25,0.14285714285714285,0.011120720747147164,0.6580373433362328
0.2,1.0,0.25,0.14285714285714285,0.011120720747147164,0.6580373433362328
0.05,1.0,0.25,0.14285714285714285,0.011120720747147164,0.6580373433362328
0.8,1.0,0.25,0.14285714285714285,0.011120720747147164,0.6558695039798227
0.5,1.0,0.25,0.14285714285714285,0.011120720747147164,0.6580373433362328
0.35,1.0,0.25,0.14285714285714285,0.011120720747147164,0.6580373433362328
0.2,1.0,0.25,0.14285714285714285,0.011120720747147164,0.6580373433362328
0.05,1.0,0.25,0.14285714285714285,0.011120720747147164,0.6580373433362328
0.8,1.0,0.25,0.14285714285714285,0.01111005274003516,0.6558696262939296
0.35,1.0,0.25,0.14285714285714285,0.01111005274003516,0.6580374586090845
0.2,1.0,0.25,0.14285714285714285,0.01111005274003516,0.6580374586090845
0.05,1.0,0.25,0.14285714285714285,0.01111005274003516,0.6580374586090845
0.8,1.0,0.25,0.14285714285714285,0.011121103414068943,0.6558694995923503
0.2,1.0,0.25,0.14285714285714285,0.011121103414068943,0.6580373392013341
0.05,1.0,0.25,0.14285714285714285,0.011121103414068943,0.6580373392013341
0.8,1.0,0.25,0.14285714285714285,0.011123258082172054,0.6558694748879729
0.05,1.0,0.25,0.14285714285714285,0.011123258082172054,0.6580373159191141
0.8,1.0,0.25,0.14285714285714285,0.011120266080177387,0.6558695091928126
0.45,1.0,0.5,0.42857142857142855,0.01111005274003516,0.9000000000000004
0.4,1.0,1.0,1.0,0.011121103414068943,0.9000000000000004
0.85,1.0,1.0,1.0,0.01111235007490005,0.9000000000000001
0.75,1.0,0.5,0.42857142857142855,0.011078415385610257,0.9000000000000005
0.25,1.0,1.0,1.0,0.011078798052532035,0.9000000000000006
0.15,1.0,0.5,0.42857142857142855,0.01112119141412761,0.9000000000000002
0.1,1.0,1.0,1.0,0.011076588717725811,0.9
0.3,1.0,0.5,0.42857142857142855,0.0110720460480307,0.9000000000000002
0.7,1.0,1.0,1.0,0.011078886052590702,0.9000000000000002
0.95,1.0,0.25,0.14285714285714285,0.005543631695754464,0.762305608158456
0.6,1.0,0.5,0.42857142857142855,0.011089794059862707,0.9000000000000002
1.0,1.0,0.0,0.0,0.011083302055534703,0.9000000000000005
0.65,1.0,0.25,0.14285714285714285,0.01107875938583959,0.6580377967479113
0.55,1.0,1.0,1.0,0.01107875938583959,0.9000000000000004
0.5,1.0,0.25,0.14285714285714285,0.01107875938583959,0.6580377967479113
0.65,1.0,0.25,0.14285714285714285,0.011085599390399594,0.6580377228386531
0.5,1.0,0.25,0.14285714285714285,0.011085599390399594,0.6580377228386531
0.5,1.0,0.25,0.14285714285714285,0.011096507397671599,0.6580376049727426
0.9,1.0,0.5,0.42857142857142855,0.011124403416268944,0.9000000000000001
0.45,1.0,0.5,0.42857142857142855,0.011097652731768487,0.9000000000000001
0.8,1.0,0.25,0.14285714285714285,0.011082098054732037,0.6558699468079792
0.4,1.0,1.0,1.0,0.01109085139390093,0.9000000000000005
0.85,1.0,1.0,1.0,0.011093006062004042,0.9000000000000002
0.75,1.0,0.5,0.42857142857142855,0.011082098054732037,0.9000000000000002
0.2,1.0,0.25,0.14285714285714285,0.011093006062004042,0.6580376428062572
0.25,1.0,1.0,1.0,0.011074751383167589,0.9000000000000001
0.05,1.0,0.25,0.14285714285714285,0.011085890057260038,0.6580377196978688
0.35,1.0,0.25,0.14285714285714285,0.011119354079569387,0.658037358103727
0.15,1.0,0.5,0.42857142857142855,0.011089102059401373,0.9000000000000004
0.95,1.0,0.25,0.14285714285714285,0.011084964723309816,0.7622680897170225
0.7,1.0,1.0,1.0,0.011077048718032478,0.9000000000000004
0.1,1.0,1.0,1.0,0.011077048718032478,0.9000000000000004
0.1,1.0,1.0,1.0,0.0055417943611962405,0.9000000000000004
0.6,1.0,0.5,0.42857142857142855,0.011085802057201371,0.9000000000000002
0.55,1.0,1.0,1.0,0.011088891392594261,0.9000000000000001
0.3,1.0,0.5,0.42857142857142855,0.011088891392594261,0.9000000000000001
0.3,1.0,0.5,0.42857142857142855,0.011095587397058265,0.9000000000000001
0.65,1.0,0.25,0.14285714285714285,0.011087216724811149,0.6580377053626371
1.0,1.0,0.0,0.0,0.011096058064038709,0.9000000000000002
0.5,1.0,0.25,0.14285714285714285,0.011095587397058265,0.6580376149137668
0.9,1.0,0.5,0.42857142857142855,0.011096058064038709,0.9000000000000002
0.45,1.0,0.5,0.42857142857142855,0.011099059399372934,0.9000000000000002
0.4,1.0,1.0,1.0,0.011098124732083155,0.9000000000000004
0.8,1.0,0.25,0.14285714285714285,0.011131356754237836,0.6558693820324902
0.85,1.0,1.0,1.0,0.011101104734069823,0.9000000000000002
0.75,1.0,0.5,0.42857142857142855,0.011082211388140925,0.9000000000000006
0.25,1.0,1.0,1.0,0.011086754057836039,0.9000000000000002
0.2,1.0,0.25,0.14285714285714285,0.011082211388140925,0.6580377594475136
0.95,1.0,0.25,0.14285714285714285,0.005553797035864691,0.7623055472956097
0.6,1.0,0.5,0.42857142857142855,0.011099959399972933,0.9000000000000005
0.7,1.0,1.0,1.0,0.011097804731869821,0.9
0.65,1.0,0.25,0.14285714285714285,0.011092772728515152,0.658037645327531
0.55,1.0,1.0,1.0,0.011126707417804945,0.9000000000000005
1.0,1.0,0.0,0.0,0.011082104721403148,0.9000000000000002
0.5,1.0,0.25,0.14285714285714285,0.0055491476994318,0.6580783024734286
1.0,1.0,0.0,0.0,1.1992341328227552E-4,0.9000000000000004
0.95,1.0,0.25,0.14285714285714285,1.1992341328227552E-4,0.7623186012866174
0.9,1.0,0.5,0.42857142857142855,1.1992341328227552E-4,0.9000000000000004
0.85,1.0,1.0,1.0,1.1992341328227552E-4,0.9000000000000004
0.8,1.0,0.25,0.14285714285714285,1.1992341328227552E-4,0.6559279266860373
0.75,1.0,0.5,0.42857142857142855,1.1992341328227552E-4,0.9000000000000004
0.7,1.0,1.0,1.0,1.1992341328227552E-4,0.9000000000000004
0.65,1.0,0.25,0.14285714285714285,1.1992341328227552E-4,0.6580924034688581
0.6,1.0,0.5,0.42857142857142855,1.1992341328227552E-4,0.9000000000000004
0.55,1.0,1.0,1.0,1.1992341328227552E-4,0.9000000000000004
0.5,1.0,0.25,0.14285714285714285,1.1992341328227552E-4,0.6580924034688581
0.45,1.0,0.5,0.42857142857142855,1.1992341328227552E-4,0.9000000000000004
0.4,1.0,1.0,1.0,1.1992341328227552E-4,0.9000000000000004
0.35,1.0,0.25,0.14285714285714285,1.1992341328227552E-4,0.6580924034688581
0.3,1.0,0.5,0.42857142857142855,1.1992341328227552E-4,0.9000000000000004
0.25,1.0,1.0,1.0,1.1992341328227552E-4,0.9000000000000004
0.2,1.0,0.25,0.14285714285714285,1.1992341328227552E-4,0.6580924034688581
0.15,1.0,0.5,0.42857142857142855,1.1992341328227552E-4,0.9000000000000004
0.1,1.0,1.0,1.0,1.1992341328227552E-4,0.9000000000000004
0.05,1.0,0.25,0.14285714285714285,1.1992341328227552E-4,0.6580924034688581
1.0,1.0,0.0,0.0,9.798006532004355E-6,0.9000000000000004
0.95,1.0,0.25,0.14285714285714285,9.798006532004355E-6,0.7623188210289681
0.9,1.0,0.5,0.42857142857142855,9.798006532004355E-6,0.9000000000000004
0.85,1.0,1.0,1.0,9.798006532004355E-6,0.9000000000000004
0.8,1.0,0.25,0.14285714285714285,9.798006532004355E-6,0.6559281790937695
0.75,1.0,0.5,0.42857142857142855,9.798006532004355E-6,0.9000000000000004
0.7,1.0,1.0,1.0,9.798006532004355E-6,0.9000000000000004
0.65,1.0,0.25,0.14285714285714285,9.798006532004355E-6,0.6580926413518355
0.6,1.0,0.5,0.42857142857142855,9.798006532004355E-6,0.9000000000000004
0.55,1.0,1.0,1.0,9.798006532004355E-6,0.9000000000000004
0.5,1.0,0.25,0.14285714285714285,9.798006532004355E-6,0.6580926413518355
0.45,1.0,0.5,0.42857142857142855,9.798006532004355E-6,0.9000000000000004
0.4,1.0,1.0,1.0,9.798006532004355E-6,0.9000000000000004
0.35,1.0,0.25,0.14285714285714285,9.798006532004355E-6,0.6580926413518355
0.3,1.0,0.5,0.42857142857142855,9.798006532004355E-6,0.9000000000000004
0.25,1.0,1.0,1.0,9.798006532004355E-6,0.9000000000000004
0.2,1.0,0.25,0.14285714285714285,9.798006532004355E-6,0.6580926413518355
0.15,1.0,0.5,0.42857142857142855,9.798006532004355E-6,0.9000000000000004
0.1,1.0,1.0,1.0,9.798006532004355E-6,0.9000000000000004
0.05,1.0,0.25,0.14285714285714285,9.798006532004355E-6,0.6580926413518355
1.0,1.0,0.0,0.0,0.005543525029016686,0.9000000000000002
0.95,1.0,0.25,0.14285714285714285,0.005543525029016686,0.7623056087971007
0.9,1.0,0.5,0.42857142857142855,0.005543525029016686,0.9000000000000002
0.85,1.0,1.0,1.0,0.005543525029016686,0.9000000000000002
0.8,1.0,0.25,0.14285714285714285,0.005543525029016686,0.655913003326828
0.75,1.0,0.5,0.42857142857142855,0.005543525029016686,0.9000000000000002
0.7,1.0,1.0,1.0,0.005543525029016686,0.9000000000000002
0.65,1.0,0.25,0.14285714285714285,0.005543525029016686,0.6580783389144643
0.6,1.0,0.5,0.42857142857142855,0.005543525029016686,0.9000000000000002
0.55,1.0,1.0,1.0,0.005543525029016686,0.9000000000000002
0.5,1.0,0.25,0.14285714285714285,0.005543525029016686,0.6580783389144643
0.45,1.0,0.5,0.42857142857142855,0.005543525029016686,0.9000000000000002
0.4,1.0,1.0,1.0,0.005543525029016686,0.9000000000000002
0.35,1.0,0.25,0.14285714285714285,0.005543525029016686,0.6580783389144643
0.3,1.0,0.5,0.42857142857142855,0.005543525029016686,0.9000000000000002
0.25,1.0,1.0,1.0,0.005543525029016686,0.9000000000000002
0.2,1.0,0.25,0.14285714285714285,0.005543525029016686,0.6580783389144643
0.15,1.0,0.5,0.42857142857142855,0.005543525029016686,0.9000000000000002
0.1,1.0,1.0,1.0,0.005543525029016686,0.9000000000000002
0.05,1.0,0.25,0.14285714285714285,0.005543525029016686,0.6580783389144643
0.95,1.0,0.25,0.14285714285714285,0.005577459718306479,0.7623054056200426
0.9,1.0,0.5,0.42857142857142855,0.005577459718306479,0.9000000000000002
0.85,1.0,1.0,1.0,0.005577459718306479,0.9000000000000002
0.8,1.0,0.25,0.14285714285714285,0.005577459718306479,0.6559127699626284
0.75,1.0,0.5,0.42857142857142855,0.005577459718306479,0.9000000000000002
0.7,1.0,1.0,1.0,0.005577459718306479,0.9000000000000002
0.65,1.0,0.25,0.14285714285714285,0.005577459718306479,0.6580781189805054
0.6,1.0,0.5,0.42857142857142855,0.005577459718306479,0.9000000000000002
0.55,1.0,1.0,1.0,0.005577459718306479,0.9000000000000002
0.5,1.0,0.25,0.14285714285714285,0.005577459718306479,0.6580781189805054
0.45,1.0,0.5,0.42857142857142855,0.005577459718306479,0.9000000000000002
0.4,1.0,1.0,1.0,0.005577459718306479,0.9000000000000002
0.35,1.0,0.25,0.14285714285714285,0.005577459718306479,0.6580781189805054
0.3,1.0,0.5,0.42857142857142855,0.005577459718306479,0.9000000000000002
0.25,1.0,1.0,1.0,0.005577459718306479,0.9000000000000002
0.2,1.0,0.25,0.14285714285714285,0.005577459718306479,0.6580781189805054
0.15,1.0,0.5,0.42857142857142855,0.005577459718306479,0.9000000000000002
0.1,1.0,1.0,1.0,0.005577459718306479,0.9000000000000002
0.05,1.0,0.25,0.14285714285714285,0.005577459718306479,0.6580781189805054
0.95,1.0,0.25,0.14285714285714285,0.005550709033806022,0.7623055657843815
0.85,1.0,1.0,1.0,0.005550709033806022,0.9000000000000004
0.8,1.0,0.25,0.14285714285714285,0.005550709033806022,0.6559129539234507
0.75,1.0,0.5,0.42857142857142855,0.005550709033806022,0.9000000000000004
0.7,1.0,1.0,1.0,0.005550709033806022,0.9000000000000004
0.65,1.0,0.25,0.14285714285714285,0.005550709033806022,0.6580782923542774
0.6,1.0,0.5,0.42857142857142855,0.005550709033806022,0.9000000000000004
0.55,1.0,1.0,1.0,0.005550709033806022,0.9000000000000004
0.5,1.0,0.25,0.14285714285714285,0.005550709033806022,0.6580782923542774
0.45,1.0,0.5,0.42857142857142855,0.005550709033806022,0.9000000000000004
0.4,1.0,1.0,1.0,0.005550709033806022,0.9000000000000004
0.35,1.0,0.25,0.14285714285714285,0.005550709033806022,0.6580782923542774
0.3,1.0,0.5,0.42857142857142855,0.005550709033806022,0.9000000000000004
0.25,1.0,1.0,1.0,0.005550709033806022,0.9000000000000004
0.2,1.0,0.25,0.14285714285714285,0.005550709033806022,0.6580782923542774
0.15,1.0,0.5,0.42857142857142855,0.005550709033806022,0.9000000000000004
0.1,1.0,1.0,1.0,0.005550709033806022,0.9000000000000004
0.05,1.0,0.25,0.14285714285714285,0.005550709033806022,0.6580782923542774
0.95,1.0,0.25,0.14285714285714285,0.005547207698138466,0.7623055867478965
0.8,1.0,0.25,0.14285714285714285,0.005547207698138466,0.6559129780016398
0.75,1.0,0.5,0.42857142857142855,0.005547207698138466,0.9000000000000004
0.7,1.0,1.0,1.0,0.005547207698138466,0.9000000000000004
0.65,1.0,0.25,0.14285714285714285,0.005547207698138466,0.658078315046754
0.6,1.0,0.5,0.42857142857142855,0.005547207698138466,0.9000000000000004
0.55,1.0,1.0,1.0,0.005547207698138466,0.9000000000000004
0.5,1.0,0.25,0.14285714285714285,0.005547207698138466,0.658078315046754
0.45,1.0,0.5,0.42857142857142855,0.005547207698138466,0.9000000000000004
0.4,1.0,1.0,1.0,0.005547207698138466,0.9000000000000004
0.35,1.0,0.25,0.14285714285714285,0.005547207698138466,0.658078315046754
0.3,1.0,0.5,0.42857142857142855,0.005547207698138466,0.9000000000000004
0.25,1.0,1.0,1.0,0.005547207698138466,0.9000000000000004
0.2,1.0,0.25,0.14285714285714285,0.005547207698138466,0.658078315046754
0.15,1.0,0.5,0.42857142857142855,0.005547207698138466,0.9000000000000004
0.1,1.0,1.0,1.0,0.005547207698138466,0.9000000000000004
0.05,1.0,0.25,0.14285714285714285,0.005547207698138466,0.658078315046754
0.95,1.0,0.25,0.14285714285714285,0.005528314352209568,0.7623056998677435
0.8,1.0,0.25,0.14285714285714285,0.005528314352209568,0.6559131079284196
0.7,1.0,1.0,1.0,0.005528314352209568,0.9000000000000002
0.65,1.0,0.25,0.14285714285714285,0.005528314352209568,0.6580784374961822
0.6,1.0,0.5,0.42857142857142855,0.005528314352209568,0.9000000000000002
0.55,1.0,1.0,1.0,0.005528314352209568,0.9000000000000002
0.5,1.0,0.25,0.14285714285714285,0.005528314352209568,0.6580784374961822
0.45,1.0,0.5,0.42857142857142855,0.005528314352209568,0.9000000000000002
0.4,1.0,1.0,1.0,0.005528314352209568,0.9000000000000002
0.35,1.0,0.25,0.14285714285714285,0.005528314352209568,0.6580784374961822
0.3,1.0,0.5,0.42857142857142855,0.005528314352209568,0.9000000000000002
0.25,1.0,1.0,1.0,0.005528314352209568,0.9000000000000002
0.2,1.0,0.25,0.14285714285714285,0.005528314352209568,0.6580784374961822
0.15,1.0,0.5,0.42857142857142855,0.005528314352209568,0.9000000000000002
0.1,1.0,1.0,1.0,0.005528314352209568,0.9000000000000002
0.05,1.0,0.25,0.14285714285714285,0.005528314352209568,0.6580784374961822
0.95,1.0,0.25,0.14285714285714285,0.005543070362046908,0.7623056115193226
0.8,1.0,0.25,0.14285714285714285,0.005543070362046908,0.6559130064535076
0.65,1.0,0.25,0.14285714285714285,0.005543070362046908,0.6580783418612017
0.6,1.0,0.5,0.42857142857142855,0.005543070362046908,0.9000000000000004
0.55,1.0,1.0,1.0,0.005543070362046908,0.9000000000000004
0.5,1.0,0.25,0.14285714285714285,0.005543070362046908,0.6580783418612017
0.45,1.0,0.5,0.42857142857142855,0.005543070362046908,0.9000000000000004
0.4,1.0,1.0,1.0,0.005543070362046908,0.9000000000000004
0.35,1.0,0.25,0.14285714285714285,0.005543070362046908,0.6580783418612017
0.3,1.0,0.5,0.42857142857142855,0.005543070362046908,0.9000000000000004
0.25,1.0,1.0,1.0,0.005543070362046908,0.9000000000000004
0.2,1.0,0.25,0.14285714285714285,0.005543070362046908,0.6580783418612017
0.15,1.0,0.5,0.42857142857142855,0.005543070362046908,0.9000000000000004
0.1,1.0,1.0,1.0,0.005543070362046908,0.9000000000000004
0.05,1.0,0.25,0.14285714285714285,0.005543070362046908,0.6580783418612017
0.95,1.0,0.25,0.14285714285714285,0.005532857021904682,0.7623056726695022
0.8,1.0,0.25,0.14285714285714285,0.005532857021904682,0.6559130766891565
0.65,1.0,0.25,0.14285714285714285,0.005532857021904682,0.6580784080547538
0.55,1.0,1.0,1.0,0.005532857021904682,0.9000000000000002
0.5,1.0,0.25,0.14285714285714285,0.005532857021904682,0.6580784080547538
0.45,1.0,0.5,0.42857142857142855,0.005532857021904682,0.9000000000000002
0.4,1.0,1.0,1.0,0.005532857021904682,0.9000000000000002
0.35,1.0,0.25,0.14285714285714285,0.005532857021904682,0.6580784080547538
0.3,1.0,0.5,0.42857142857142855,0.005532857021904682,0.9000000000000002
0.25,1.0,1.0,1.0,0.005532857021904682,0.9000000000000002
0.2,1.0,0.25,0.14285714285714285,0.005532857021904682,0.6580784080547538
0.15,1.0,0.5,0.42857142857142855,0.005532857021904682,0.9000000000000002
0.1,1.0,1.0,1.0,0.005532857021904682,0.9000000000000002
0.05,1.0,0.25,0.14285714285714285,0.005532857021904682,0.6580784080547538
0.95,1.0,0.25,0.14285714285714285,0.005535154356769571,0.7623056589147081
0.8,1.0,0.25,0.14285714285714285,0.005535154356769571,0.6559130608907234
0.65,1.0,0.25,0.14285714285714285,0.005535154356769571,0.6580783931655283
0.5,1.0,0.25,0.14285714285714285,0.005535154356769571,0.6580783931655283
0.45,1.0,0.5,0.42857142857142855,0.005535154356769571,0.9000000000000005
0.4,1.0,1.0,1.0,0.005535154356769571,0.9000000000000005
0.35,1.0,0.25,0.14285714285714285,0.005535154356769571,0.6580783931655283
0.3,1.0,0.5,0.42857142857142855,0.005535154356769571,0.9000000000000005
0.25,1.0,1.0,1.0,0.005535154356769571,0.9000000000000005
0.2,1.0,0.25,0.14285714285714285,0.005535154356769571,0.6580783931655283
0.15,1.0,0.5,0.42857142857142855,0.005535154356769571,0.9000000000000005
0.1,1.0,1.0,1.0,0.005535154356769571,0.9000000000000005
0.05,1.0,0.25,0.14285714285714285,0.005535154356769571,0.6580783931655283
0.95,1.0,0.25,0.14285714285714285,0.005543995695997131,0.7623056059790817
0.8,1.0,0.25,0.14285714285714285,0.005543995695997131,0.6559130000901191
0.65,1.0,0.25,0.14285714285714285,0.005543995695997131,0.6580783358640296
0.5,1.0,0.25,0.14285714285714285,0.005543995695997131,0.6580783358640296
0.4,1.0,1.0,1.0,0.005543995695997131,0.9000000000000002
0.35,1.0,0.25,0.14285714285714285,0.005543995695997131,0.6580783358640296
0.3,1.0,0.5,0.42857142857142855,0.005543995695997131,0.9000000000000002
0.25,1.0,1.0,1.0,0.005543995695997131,0.9000000000000002
0.2,1.0,0.25,0.14285714285714285,0.005543995695997131,0.6580783358640296
0.15,1.0,0.5,0.42857142857142855,0.005543995695997131,0.9000000000000002
0.1,1.0,1.0,1.0,0.005543995695997131,0.9000000000000002
0.05,1.0,0.25,0.14285714285714285,0.005543995695997131,0.6580783358640296
0.95,1.0,0.25,0.14285714285714285,0.005549511699674467,0.76230557295317
0.8,1.0,0.25,0.14285714285714285,0.005549511699674467,0.6559129621573482
0.65,1.0,0.25,0.14285714285714285,0.005549511699674467,0.6580783001143097
0.5,1.0,0.25,0.14285714285714285,0.005549511699674467,0.6580783001143097
0.35,1.0,0.25,0.14285714285714285,0.005549511699674467,0.6580783001143097
0.3,1.0,0.5,0.42857142857142855,0.005549511699674467,0.9000000000000002
0.25,1.0,1.0,1.0,0.005549511699674467,0.9000000000000002
0.2,1.0,0.25,0.14285714285714285,0.005549511699674467,0.6580783001143097
0.15,1.0,0.5,0.42857142857142855,0.005549511699674467,0.9000000000000002
0.1,1.0,1.0,1.0,0.005549511699674467,0.9000000000000002
0.05,1.0,0.25,0.14285714285714285,0.005549511699674467,0.6580783001143097
0.95,1.0,0.25,0.14285714285714285,0.005542158361438908,0.7623056169797325
0.8,1.0,0.25,0.14285714285714285,0.005542158361438908,0.6559130127252042
0.65,1.0,0.25,0.14285714285714285,0.005542158361438908,0.6580783477719591
0.5,1.0,0.25,0.14285714285714285,0.005542158361438908,0.6580783477719591
0.35,1.0,0.25,0.14285714285714285,0.005542158361438908,0.6580783477719591
0.25,1.0,1.0,1.0,0.005542158361438908,0.9000000000000004
0.2,1.0,0.25,0.14285714285714285,0.005542158361438908,0.6580783477719591
0.15,1.0,0.5,0.42857142857142855,0.005542158361438908,0.9000000000000004
0.1,1.0,1.0,1.0,0.005542158361438908,0.9000000000000004
0.05,1.0,0.25,0.14285714285714285,0.005542158361438908,0.6580783477719591
0.95,1.0,0.25,0.14285714285714285,0.005552326368217579,0.7623055561009279
0.8,1.0,0.25,0.14285714285714285,0.005552326368217579,0.6559129428012697
0.65,1.0,0.25,0.14285714285714285,0.005552326368217579,0.6580782818721838
0.5,1.0,0.25,0.14285714285714285,0.005552326368217579,0.6580782818721838
0.35,1.0,0.25,0.14285714285714285,0.005552326368217579,0.6580782818721838
0.2,1.0,0.25,0.14285714285714285,0.005552326368217579,0.6580782818721838
0.15,1.0,0.5,0.42857142857142855,0.005552326368217579,0.9000000000000002
0.1,1.0,1.0,1.0,0.005552326368217579,0.9000000000000002
0.05,1.0,0.25,0.14285714285714285,0.005552326368217579,0.6580782818721838
0.95,1.0,0.25,0.14285714285714285,0.005554161036107358,0.7623055451162335
0.8,1.0,0.25,0.14285714285714285,0.005554161036107358,0.6559129301845154
0.65,1.0,0.25,0.14285714285714285,0.005554161036107358,0.6580782699815306
0.5,1.0,0.25,0.14285714285714285,0.005554161036107358,0.6580782699815306
0.35,1.0,0.25,0.14285714285714285,0.005554161036107358,0.6580782699815306
0.2,1.0,0.25,0.14285714285714285,0.005554161036107358,0.6580782699815306
0.1,1.0,1.0,1.0,0.005554161036107358,0.9000000000000004
0.05,1.0,0.25,0.14285714285714285,0.005554161036107358,0.6580782699815306
0.95,1.0,0.25,0.14285714285714285,0.005543907695938464,0.7623056065059636
0.8,1.0,0.25,0.14285714285714285,0.005543907695938464,0.6559130006952828
0.65,1.0,0.25,0.14285714285714285,0.005543907695938464,0.6580783364343659
0.5,1.0,0.25,0.14285714285714285,0.005543907695938464,0.6580783364343659
0.35,1.0,0.25,0.14285714285714285,0.005543907695938464,0.6580783364343659
0.2,1.0,0.25,0.14285714285714285,0.005543907695938464,0.6580783364343659
0.05,1.0,0.25,0.14285714285714285,0.005543907695938464,0.6580783364343659
0.8,1.0,0.25,0.14285714285714285,0.005546997031331354,0.6559129794503653
0.65,1.0,0.25,0.14285714285714285,0.005546997031331354,0.6580783164121045
0.5,1.0,0.25,0.14285714285714285,0.005546997031331354,0.6580783164121045
0.35,1.0,0.25,0.14285714285714285,0.005546997031331354,0.6580783164121045
0.2,1.0,0.25,0.14285714285714285,0.005546997031331354,0.6580783164121045
0.05,1.0,0.25,0.14285714285714285,0.005546997031331354,0.6580783164121045
0.8,1.0,0.25,0.14285714285714285,0.0055460623640415764,0.655912985877939
0.5,1.0,0.25,0.14285714285714285,0.0055460623640415764,0.6580783224697679
0.35,1.0,0.25,0.14285714285714285,0.0055460623640415764,0.6580783224697679
0.2,1.0,0.25,0.14285714285714285,0.0055460623640415764,0.6580783224697679
0.05,1.0,0.25,0.14285714285714285,0.0055460623640415764,0.6580783224697679
1.0,1.0,0.0,0.0,0.0888594299062866,0.8999999999999996
0.95,1.0,0.25,0.14285714285714285,0.0888594299062866,0.7590920901925824
0.9,1.0,0.5,0.42857142857142855,0.0888594299062866,0.8999999999999996
0.85,1.0,1.0,1.0,0.0888594299062866,0.8999999999999996
0.8,1.0,0.25,0.14285714285714285,0.0888594299062866,0.6522521122884679
0.75,1.0,0.5,0.42857142857142855,0.0888594299062866,0.8999999999999996
0.7,1.0,1.0,1.0,0.0888594299062866,0.8999999999999996
0.65,1.0,0.25,0.14285714285714285,0.0888594299062866,0.6546306737480694
0.6,1.0,0.5,0.42857142857142855,0.0888594299062866,0.8999999999999996
0.55,1.0,1.0,1.0,0.0888594299062866,0.8999999999999996
0.5,1.0,0.25,0.14285714285714285,0.0888594299062866,0.6546306737480694
0.45,1.0,0.5,0.42857142857142855,0.0888594299062866,0.8999999999999996
0.4,1.0,1.0,1.0,0.0888594299062866,0.8999999999999996
0.35,1.0,0.25,0.14285714285714285,0.0888594299062866,0.6546306737480694
0.3,1.0,0.5,0.42857142857142855,0.0888594299062866,0.8999999999999996
0.25,1.0,1.0,1.0,0.0888594299062866,0.8999999999999996
0.2,1.0,0.25,0.14285714285714285,0.0888594299062866,0.6546306737480694
0.15,1.0,0.5,0.42857142857142855,0.0888594299062866,0.8999999999999996
0.1,1.0,1.0,1.0,0.0888594299062866,0.8999999999999996
0.05,1.0,0.25,0.14285714285714285,0.0888594299062866,0.6546306737480694
1.0,1.0,0.0,0.0,3.3586689057792706E-6,0.9000000000000002
0.95,1.0,0.25,0.14285714285714285,3.3586689057792706E-6,0.7623188338778902
0.9,1.0,0.5,0.42857142857142855,3.3586689057792706E-6,0.9000000000000002
0.85,1.0,1.0,1.0,3.3586689057792706E-6,0.9000000000000002
0.8,1.0,0.25,0.14285714285714285,3.3586689057792706E-6,0.6559281938527328
0.75,1.0,0.5,0.42857142857142855,3.3586689057792706E-6,0.9000000000000002
0.7,1.0,1.0,1.0,3.3586689057792706E-6,0.9000000000000002
0.65,1.0,0.25,0.14285714285714285,3.3586689057792706E-6,0.6580926552614977
0.6,1.0,0.5,0.42857142857142855,3.3586689057792706E-6,0.9000000000000002
0.55,1.0,1.0,1.0,3.3586689057792706E-6,0.9000000000000002
0.5,1.0,0.25,0.14285714285714285,3.3586689057792706E-6,0.6580926552614977
0.45,1.0,0.5,0.42857142857142855,3.3586689057792706E-6,0.9000000000000002
0.4,1.0,1.0,1.0,3.3586689057792706E-6,0.9000000000000002
0.35,1.0,0.25,0.14285714285714285,3.3586689057792706E-6,0.6580926552614977
0.3,1.0,0.5,0.42857142857142855,3.3586689057792706E-6,0.9000000000000002
0.25,1.0,1.0,1.0,3.3586689057792706E-6,0.9000000000000002
0.2,1.0,0.25,0.14285714285714285,3.3586689057792706E-6,0.6580926552614977
0.15,1.0,0.5,0.42857142857142855,3.3586689057792706E-6,0.9000000000000002
0.1,1.0,1.0,1.0,3.3586689057792706E-6,0.9000000000000002
0.05,1.0,0.25,0.14285714285714285,3.3586689057792706E-6,0.6580926552614977
1.0,1.0,0.0,0.0,0.09257561771707848,0.8999999999999994
0.95,1.0,0.25,0.14285714285714285,0.09257561771707848,0.7588089164814551
0.9,1.0,0.5,0.42857142857142855,0.09257561771707848,0.8999999999999994
0.85,1.0,1.0,1.0,0.09257561771707848,0.8999999999999994
0.8,1.0,0.25,0.14285714285714285,0.09257561771707848,0.6519323749606939
0.75,1.0,0.5,0.42857142857142855,0.09257561771707848,0.8999999999999994
0.7,1.0,1.0,1.0,0.09257561771707848,0.8999999999999994
0.65,1.0,0.25,0.14285714285714285,0.09257561771707848,0.6543298002764596
0.6,1.0,0.5,0.42857142857142855,0.09257561771707848,0.8999999999999994
0.55,1.0,1.0,1.0,0.09257561771707848,0.8999999999999994
0.5,1.0,0.25,0.14285714285714285,0.09257561771707848,0.6543298002764596
0.45,1.0,0.5,0.42857142857142855,0.09257561771707848,0.8999999999999994
0.4,1.0,1.0,1.0,0.09257561771707848,0.8999999999999994
0.35,1.0,0.25,0.14285714285714285,0.09257561771707848,0.6543298002764596
0.3,1.0,0.5,0.42857142857142855,0.09257561771707848,0.8999999999999994
0.25,1.0,1.0,1.0,0.09257561771707848,0.8999999999999994
0.2,1.0,0.25,0.14285714285714285,0.09257561771707848,0.6543298002764596
0.15,1.0,0.5,0.42857142857142855,0.09257561771707848,0.8999999999999994
0.1,1.0,1.0,1.0,0.09257561771707848,0.8999999999999994
0.05,1.0,0.25,0.14285714285714285,0.09257561771707848,0.6543298002764596
1.0,1.0,0.0,0.0,0.0018515999010666007,0.9000000000000001
0.95,1.0,0.25,0.14285714285714285,0.0018515999010666007,0.7623151458367758
0.9,1.0,0.5,0.42857142857142855,0.0018515999010666007,0.9000000000000001
0.85,1.0,1.0,1.0,0.0018515999010666007,0.9000000000000001
0.8,1.0,0.25,0.14285714285714285,0.0018515999010666007,0.6559239576101624
0.75,1.0,0.5,0.42857142857142855,0.0018515999010666007,0.9000000000000001
0.7,1.0,1.0,1.0,0.0018515999010666007,0.9000000000000001
0.65,1.0,0.25,0.14285714285714285,0.0018515999010666007,0.658088662795877
0.6,1.0,0.5,0.42857142857142855,0.0018515999010666007,0.9000000000000001
0.55,1.0,1.0,1.0,0.0018515999010666007,0.9000000000000001
0.5,1.0,0.25,0.14285714285714285,0.0018515999010666007,0.658088662795877
0.45,1.0,0.5,0.42857142857142855,0.0018515999010666007,0.9000000000000001
0.4,1.0,1.0,1.0,0.0018515999010666007,0.9000000000000001
0.35,1.0,0.25,0.14285714285714285,0.0018515999010666007,0.658088662795877
0.3,1.0,0.5,0.42857142857142855,0.0018515999010666007,0.9000000000000001
0.25,1.0,1.0,1.0,0.0018515999010666007,0.9000000000000001
0.2,1.0,0.25,0.14285714285714285,0.0018515999010666007,0.658088662795877
0.15,1.0,0.5,0.42857142857142855,0.0018515999010666007,0.9000000000000001
0.1,1.0,1.0,1.0,0.0018515999010666007,0.9000000000000001
0.05,1.0,0.25,0.14285714285714285,0.0018515999010666007,0.658088662795877
